Solusi SPL:
x1 = -3.474336141516419
x2 = 2.8955435935405127
x3 = 2.4515438336701822
